id: 61645582 index: 78598490
id: 20094947 index: 78778104
id: 18799352 index: 78871163
id: 72992009 index: 78872256
id: 20833908 index: 78973951
id: 81828526 index: 79220175
id: 48784730 index: 79239232 
id: 2800456  index: 79242030 //测试点 其它是邻居点
id: 59531190 index: 79414005
id: 77704040 index: 79461030
id: 87280042 index: 79475808
643540 463926 370867 369774 268079 21855 2798 171975 219000 233778 


Building kdtree with leaf size 1000000
kdtree ub initial
Using kdtree to build 1 trees in total
node_counter: 149 vectex_counter: 100000000
id: 18334299 index: 61443458
id: 27077957 index: 61957183
id: 2114852 index: 62135399
id: 91887814 index: 76186860
id: 89002092 index: 76304903
id: 24144261 index: 76407296
id: 68468118 index: 76578852
id: 13827606 index: 76624960
id: 72981011 index: 76657964
id: 63901552 index: 84398468 //测试点 其它是邻居点  坏点
id: 9889807 index: 91047008
22955010 22441285 22263069 8211608 8093565 7991172 7819616 7773508 7740504 6648540 

data dimension: 128
data size: 100000000
load 0 to 300
load 300 to 600
load 600 to 1000
0 0 0 1 8 7 3 2 5 0 0 3 5 7 11 31 13 0 0 0 0 29 106 107 13 0 0 0 1 61 70 42 0 0 0 0 1 23 28 16 63 4 0 0 0 6 83 81 117 86 25 15 17 50 84 117 31 23 18 35 97 117 49 24 68 27 0 0 0 4 29 71 81 47 13 10 32 87 117 117 45 76 40 22 60 70 41 9 7 21 29 39 53 21 4 1 55 72 3 0 0 0 0 9 65 117 73 37 28 23 17 34 11 11 27 61 64 25 4 0 42 13 1 1 1 14 10 6 
78 59 7 0 35 9 0 4 72 119 78 1 2 1 0 6 33 40 15 19 90 16 0 3 37 42 3 24 85 4 0 0 25 29 5 0 73 33 0 3 119 62 16 0 5 1 0 72 63 22 3 38 119 16 0 33 51 66 4 21 88 6 0 0 17 0 0 0 43 119 34 10 119 64 0 0 4 8 44 46 67 43 0 2 119 93 2 7 46 31 1 2 74 50 1 1 2 4 2 9 15 85 60 6 26 9 1 0 0 11 119 47 38 8 0 0 69 44 21 35 22 14 0 1 104 39 0 0 
load finish
Building kdtree with leaf size 1000000
kdtree ub initial
Using kdtree to build 1 trees in total
Index building time : 258.625 seconds
Tree node num 295